31
15
29
262
605
613
607
605
568
570
585
479
487
423
434
423
384
416
388
391
411
387
383
394
391
376
375
385
373
391
405
410
404
363
417
408
379
378
420
381
368
398
358
363
408
363
394
400
335
385
384
369
407
356
383
415
400
397
370
363
376
365
371
389
402
379
380
368
403
375
377
366
382
378
424
376
403
382
406
368
404
355
398
392
402
321
391
419
389
364
328
357
362
373
398
380
389
380
368
383
381
409
392
394
402
359
377
390
399
391
387
355
359
390
355
368
376
402
364
356
368
374
365
418
413
400
343
369
402
340
374
408
377
357
349
374
370
410
369
377
354
389
388
402
387
370
355
425
367
409
343
390
392
367
379
360
350
399
398
404
412
357
343
361
390
360
376
379
374
412
378
429
383
373
381
380
370
381
386
380
366
388
389
397
403
380
386
371
365
373
374
359
393
414
384
357
392
398
400
383
426
370
355
411
386
418
381
361
364
339
389
381
352
366
375
389
395
397
402
391
391
384
386
370
371
385
416
385
416
406
369
367
348
369
374
430
351
406
385
339
406
359
361
387
423
418
365
342
359
400
415
421
381
405
368
423
371
353
415
407
406
343
343
365
318
387
389
383
382
370
385
369
400
407
330
382
367
365
381
403
385
377
348
411
367
364
416
403
369
374
385
371
374
350
381
408
408
433
387
395
363
379
407
384
410
390
375
401
354
378
398
386
415
415
370
339
349
428
328
332
424
381
351
345
391
366
410
380
400
333
375
385
383
402
432
355
397
361
375
381
374
367
384
353
367
391
381
382
421
385
400
408
389
399
402
408
364
385
357
381
374
396
336
412
370
362
371
388
357
412
393
358
354
352
385
342
368
365
353
405
397
365
364
363
380
402
374
359
385
412
362
352
367
392
377
382
415
403
392
423
345
387
384
400
374
387
394
355
394
379
437
370
350
345
396
392
427
361
367
395
396
402
377
335
372
360
373
381
400
400
356
335
