464
71
68
68
15418
4133
10497
668
11661
885
717
796
6237
962
492
576
2980
764
594
372
1596
640
803
327
1270
832
491
422
753
379
292
366
1092
505
1005
575
349
379
1638
742
506
506
1835
666
481
452
1361
376
932
291
249
170
578
197
143
132
370
170
110
104
1556
445
265
260
1320
469
260
280
1411
438
280
260
1145
305
210
182
1094
247
170
137
774
173
103
99
445
146
110
98
226
142
100
96
196
131
100
95
238
150
96
105
809
334
200
219
841
409
226
227
1942
1960
1597
1768
598
6059
2026
2392
2558
3425
2379
1208
3358
2112
3621
881
1064
579
970
1394
474
70
68
68
68
77
20104
20123
21233
29575
9185
30438
9744
8316
40445
9045
10229
9337
6828
1059
678
408
16587
1055
532
712
6206
7848
1228
502
594
11990
2377
940
1055
9843
1152
18471
2464
1085
1916
20044
2658
1039
1660
19045
3830
2046
1472
20192
3922
2109
1708
21008
4509
2418
2038
23066
3881
2021
2174
26989
6514
2634
2619
23992
5031
2843
2635
24254
5788
3006
2505
26240
5711
2397
3818
26526
5795
2578
3038
29648
5384
3842
2765
31378
5853
2700
3810
38358
9463
4521
5179
40877
8611
5489
4634
42231
11958
5326
7212
43516
10354
5928
5349
40911
7317
7004
45875
10123
5861
6113
46766
11179
5841
7644
47526
11855
5430
5876
51380
11821
7095
5954
43118
6910
44510
6201
58152
12857
6882
5656
61362
10771
5839
5198
60455
12387
7836
4662
57187
9937
5088
5097
52192
8614
5159
3983
45494
4782
55986
5943
4915
57256
9101
4827
4767
39271
4607
44598
10273
4437
3958
56901
7960
5102
4605
20823
8419
3995
5800
8368
